-34.946761 -44.080019 -32.143771
-38.881830 -37.812201 -78.472100
-44.408669 -43.122125 -78.472100
-35.106441 -39.217228 -76.517000
-23.197763 -28.971602 -26.373649
-30.395864 -31.029381 -84.140819
-31.511141 -29.998846 -43.119398
-25.050591 -29.714030 -33.061330
-25.057830 -27.325630 -18.204335
-26.562690 -26.798559 -86.028984
-24.328290 -30.457528 -20.991197
-24.555090 -27.093360 -76.051500
-10.010000 -10.010000 -14.396650
-7.700000 -7.700000 -91.525793
-7.700000 -7.700000 0.000000
-7.700000 -7.700000 -15.661800
-9.100000 -9.100000 -84.868535
-7.000000 -7.000000 -90.976573
-7.000000 -7.000000 0.000000
-7.000000 -11.655000 -6.300000
0.000000 0.000000 -5.600000
-6.300000 0.000000 0.000000
-6.300000 0.000000 0.000000
-6.300000 0.000000 0.000000
-5.600000 -5.600000 -4.900000
-5.600000 -5.600000 0.000000
-5.600000 -5.600000 0.000000
-5.600000 -5.600000 0.000000
-4.900000 -4.900000 -4.200000
-4.900000 -4.900000 0.000000
-4.900000 -4.900000 0.000000
-4.900000 -4.900000 0.000000
-4.200000 -4.200000 -3.500000
-5.460000 0.000000 0.000000
-4.200000 0.000000 0.000000
-4.200000 0.000000 0.000000
-3.500000 0.000000 -76.517000
-3.500000 0.000000 0.000000
-3.500000 0.000000 0.000000
-3.500000 0.000000 0.000000
0.000000 0.000000 0.000000
0.000000 0.000000 0.000000
0.000000 0.000000 0.000000
0.000000 0.000000 0.000000
0.000000 0.000000 0.000000
0.000000 0.000000 0.000000
0.000000 0.000000 0.000000
0.000000 0.000000 0.000000
0.000000 0.000000 0.000000
0.000000 0.000000 0.000000
0.000000 0.000000 0.000000
0.000000 0.000000 0.000000
0.000000 0.000000 0.000000
0.000000 0.000000 0.000000
0.000000 0.000000 0.000000
0.000000 0.000000 0.000000
0.000000 0.000000 0.000000
0.000000 0.000000 0.000000
0.000000 0.000000 0.000000
0.000000 0.000000 0.000000
0.000000 0.000000 0.000000
0.000000 0.000000 0.000000
0.000000 0.000000 0.000000
0.000000 0.000000 0.000000
0.000000 0.000000 0.000000
0.000000 0.000000 0.000000
0.000000 0.000000 0.000000
0.000000 0.000000 0.000000
-14.178500 -8.400000 -89.998579
-8.400000 -8.400000 0.000000
-8.400000 -8.400000 0.000000
-8.400000 -8.400000 -91.806071
-4.900000 -4.900000 0.000000
-4.900000 -4.900000 0.000000
-4.900000 -4.900000 0.000000
-4.900000 -4.900000 -3.500000
-3.500000 -3.500000 0.000000
-3.500000 -3.500000 0.000000
-3.500000 -3.500000 0.000000
-3.500000 -3.500000 -2.800000
-2.800000 -2.800000 0.000000
-2.800000 -2.800000 0.000000
-2.800000 -2.800000 0.000000
-2.800000 -2.800000 -2.100000
-2.100000 -2.100000 0.000000
-2.100000 -2.100000 0.000000
-2.100000 -2.100000 0.000000
-2.100000 -2.100000 -83.392435
0.000000 0.000000 0.000000
0.000000 0.000000 0.000000
0.000000 0.000000 0.000000
0.000000 0.000000 0.000000
0.000000 0.000000 0.000000
0.000000 0.000000 0.000000
0.000000 0.000000 0.000000
0.000000 0.000000 0.000000
