1.838990446958824521e+00 -3.254240493415938573e+01 4.902337822934434541e+01
-2.252030429784781518e+00 -6.956215679815628050e+01 -7.833244999999999436e+01
-6.992939009684199902e+01 -6.304932279829273511e+00 -8.339243499999999187e+01
-7.514165991358996166e+01 1.608003534372101484e+01 -7.847209999999999752e+01
2.561767787493577231e+01 -4.996853589586073952e+01 -4.692259496900091165e+01
-4.710896192489281731e+01 -4.780694323240076926e+01 -7.605149999999999011e+01
-4.567277624286838744e+01 4.737030391193108869e+01 -5.562609395625676001e+01
2.086496234949276385e+00 -2.096961427153374302e-01 8.027994142023938196e+01
-6.452453249010403624e-02 -5.429777057271615348e+01 -1.105583191167924042e+02
-5.057914092177959731e+01 -5.588222249277226439e+01 -8.994006955500000799e+01
-5.498659522343566408e+01 -5.384372410667927511e+01 5.915737317489077896e+01
3.451726050358044517e+01 -6.059519334393012002e+01 -1.144174037816249978e+02
-7.162852018914902885e+01 -6.917283141487499165e+01 -7.227708659644615352e+01
-7.404754425911413307e+01 -7.275719933319395238e+01 -1.319212311039504471e+02
-7.523720878301915604e+01 -6.674195062085374275e+01 -8.272864237435142343e+01
-6.574110573283429915e+01 -7.439123277606206841e+01 -6.569829407075096128e+01
-5.451281765313522953e+01 -7.484671630048013924e+01 -1.546289514620119405e+02
-7.741608463354707226e+01 -7.484397673560413011e+01 -1.365835443744420843e+02
-7.723271817542406836e+01 -7.285406220886081030e+01 -1.157385325745908915e+02
-7.547653878970962182e+01 -6.923606864756389712e+01 -1.610507122899329602e+01
-5.245547813764038381e+01 -5.215776182430714414e+01 -3.170692389455703619e+01
-5.294620806722654294e+01 -5.474712441740778246e+01 -5.185159045967069602e+01
-5.564513961679149645e+01 -5.620062184655169801e+01 -5.663233531042484969e+01
-5.813113292714715641e+01 -5.276214910974164241e+01 3.023506339656852226e+00
-4.392235174145180565e+01 -4.657330079818999735e+01 -1.029079287375114831e+02
-4.738250639331133840e+01 -4.707741504890589113e+01 -1.032996192765710930e+02
-4.582363767983324720e+01 -4.425630926483340488e+01 -4.641158758654334804e+01
-4.521259516238212939e+01 -4.571201372772744520e+01 -3.913867193624759722e+01
-3.643113317796792927e+01 -3.294447307429804539e+01 1.515871442999997782e+02
-3.329182219061907944e+01 -3.219215165356207109e+01 -2.987447964199349570e+01
-3.144344944035656653e+01 -3.518937663329328558e+01 -3.127175521660834079e+01
-3.475372496577681858e+01 -3.531509109127710389e+01 -3.440286032580413433e+01
1.731839908266196062e+02 -2.858072800418062798e+01 -5.180656258811048076e+01
-2.656737704439544245e+01 -2.969072748540912343e+01 -1.085558458323945388e+02
-2.835996955643785000e+01 -2.809266355441691232e+01 -3.046611311929153487e+01
-2.597877150979415362e+01 -2.682124682196938892e+01 1.476418287438310131e+02
6.180305592438863016e+01 -2.446280006318226796e+01 -1.095616156045954881e+02
-2.177698844324795502e+01 -2.261839747179372040e+01 -2.364056140289790164e+01
-2.525931305100244373e+01 6.971846532162808252e+00 -2.185580338252836796e+01
-1.049109817581597603e+01 -2.215727614543046187e+01 1.693792450267532672e+02
-9.127454783870932786e+00 -1.063480905034062474e+01 -2.001748083015858271e+01
-1.079732961022949311e+01 -1.116332374623685730e+01 -1.048038430249999742e+01
-1.223315137757209214e+01 -9.764372015650000236e+00 -1.553915779119058271e+01
-1.006757141448962223e+01 -9.402601949999997544e+00 1.896972043719261194e+02
-7.377697311687500203e+00 -6.543059249999998883e+00 -2.225689662700233384e+01
-5.474122499999998226e+00 -5.612321321249998718e+00 -8.307907166135420240e+00
-4.781000000000000583e+00 -3.496499999999999275e+00 2.254395144516009282e+02
2.073658083599190434e+02 -7.085538407499999636e+00 -1.570899101371222351e+01
-1.399999999999999911e+00 -1.399999999999999911e+00 -5.248409249999999027e+00
-1.399999999999999911e+00 -2.330999999999999961e+00 0.000000000000000000e+00
-1.819999999999999840e+00 -1.819999999999999840e+00 2.355913832363303868e+02
-1.819999999999999840e+00 -1.399999999999999911e+00 0.000000000000000000e+00
1.154921188403902761e+02 -9.099999999999999201e-01 -1.399999999999999911e+00
-6.999999999999999556e-01 -6.999999999999999556e-01 -1.480848314571795754e+01
-9.099999999999999201e-01 2.864662949616839569e+02 -1.165499999999999980e+00
-6.999999999999999556e-01 -6.999999999999999556e-01 3.203420995676782468e+02
-7.496940529301792822e+01 -7.274849191940235471e+01 -1.035082309383601000e+02
-7.478465238168625717e+01 -7.011136269524359932e+01 -7.563456486306959903e+01
-7.342951682279874603e+01 -7.315956124674298167e+01 -9.300475781537498676e+01
-7.553916431408227083e+01 -7.391332006910978691e+01 -9.196403550513375080e+01
-4.281626094310819042e+01 -3.678476857370573327e+01 1.023773720384339327e+02
-3.802770943385683466e+01 -3.656485910811043283e+01 -4.030844972201721532e+01
-4.026226340679748006e+01 -4.468141041373522171e+01 -1.065210416262331137e+02
-4.268028752327725073e+01 3.839371147104871085e+01 -7.142670754880946049e+01
-2.922731867570134412e+01 -2.666182880070918770e+01 8.476669250357129215e+01
-2.750029971137157503e+01 -2.857209751891699057e+01 -2.510926681365267399e+01
-2.854753124226481020e+01 -3.172280865962235907e+01 -1.042862383602885927e+02
-3.132594071291480020e+01 -1.885883160432078753e+01 -1.009240940419906281e+02
-2.572484329558692551e+01 -3.075133657353843120e+01 -1.297797529645036434e+02
-2.667497699999999483e+01 -2.906233164751874654e+01 -3.194499827089751065e+01
-3.137405984999999475e+01 4.960454149649985567e+01 -9.127612425198749690e+01
-4.146098662885781039e+01 -2.587682313562499559e+01 1.296722646501770839e+02
-1.841098338415747548e-02 -2.528465190773632187e+01 -9.662813488626711944e+01
-2.482211102559114124e+01 1.152244129717455223e+01 -2.357228999999999530e+01
-2.683881390464960859e+01 7.289228198522255298e+01 -9.588222767457787654e+01
-2.425736412697679256e+01 -2.674090263887046603e+01 1.551969433274277606e+02
1.344243311745540836e+02 3.052687380315847676e+01 -1.001156725123209128e+02
8.130497225298421426e+01 -1.729488695806136178e+01 -2.046076648393749764e+01
-1.602225401874999733e+01 1.067184495364508052e+02 -8.328897181031342711e+01
4.906569538240129091e+00 7.115644994601225903e+01 1.851577590555595236e+02
1.121780746753016800e+01 -1.212967939288529173e+01 -7.282836691167541687e+01
8.071748663676225988e+01 -1.242349869924712458e+01 -1.513027657506093604e+01
-1.324317846092499806e+01 1.320121745615575293e+01 -1.020354414574916007e+02
1.421217929652179990e+01 1.219936068623690417e+01 2.165195730709358770e+02
5.097019568060659367e+01 4.817560624475354558e+01 2.642267982732295764e+02
4.978370845390555388e+01 4.448898041901450284e+01 -1.408080714726306049e+01
5.966720721312026399e+01 -7.535753879937499455e+00 -1.009240940419906281e+02
-9.807253023837498418e+00 2.430813083603252380e+02 -1.106578759000175580e+02
1.849448869501831894e+01 4.193147856963706488e+01 2.813995252289100222e+02
3.974085052569020604e+01 -1.399999999999999911e+00 -1.050076028232065966e+02
-2.750999999999999890e+00 -1.399999999999999911e+00 -6.182283712499997641e+00
-2.750999999999999890e+00 1.898775878327539317e+02 -1.048644829467815072e+02
2.972906137196566760e+02 -2.135717500000000157e+00 -1.778594999999999926e+00
-1.050744829467815293e+02 1.348285646263016702e+02 -1.043891800324649353e+02
1.094722806475465262e+02 1.251171037406584787e+02 -1.399999999999999911e+00
1.245616008432801181e+02 1.235871309575830708e+02 3.139654766189970019e+02
