-4.650239705562499637e+01 -4.528672558243749791e+01 -4.542330957425036786e+01
-4.548373238852878586e+01 -4.554517774598750179e+01 -7.833244999999999436e+01
-4.696725786986186790e+01 -4.901407806089418528e+01 -8.339243499999999187e+01
-4.345952757273749967e+01 -5.018100083879436824e+01 -7.847209999999999752e+01
-3.504342119700625346e+01 -3.890058495968749241e+01 -3.578655178374327051e+01
-4.003005220957653165e+01 -3.487403294374999518e+01 -7.605149999999999011e+01
-3.317597174499999824e+01 -2.974543225499999721e+01 -3.265969927499999415e+01
-2.574747175000000254e+01 -3.093176852499999541e+01 -2.476119463233499829e+01
-3.344918322374999775e+01 -2.789640962499999688e+01 -2.707216500799999892e+01
-2.773714649999999793e+01 -3.062294656443749830e+01 -8.994006955500000799e+01
-2.756258399999999398e+01 -3.214059171749999422e+01 -3.281350758874999940e+01
-2.975691284999999198e+01 -3.205227938499999141e+01 -1.144174037816249978e+02
-2.207544499999999843e+01 -2.570971987499999756e+01 -1.778594999999999970e+01
-2.527477924999999814e+01 -2.303204749999999734e+01 -9.242565962540136582e+01
-2.322262249999999995e+01 -2.581364974999999617e+01 -2.494160656443749602e+01
-2.706927011249999637e+01 -2.050469749999999891e+01 -1.820489999999999853e+01
-1.391949999999999932e+01 -9.099999999999999645e+00 -7.000000000000000000e+01
-7.000000000000000000e+00 -7.000000000000000000e+00 0.000000000000000000e+00
-7.000000000000000000e+00 -7.000000000000000000e+00 0.000000000000000000e+00
-7.000000000000000000e+00 -7.000000000000000000e+00 -1.191399999999999793e+01
-6.299999999999999822e+00 -6.299999999999999822e+00 -5.599999999999999645e+00
-6.299999999999999822e+00 -6.299999999999999822e+00 0.000000000000000000e+00
-6.299999999999999822e+00 -6.299999999999999822e+00 0.000000000000000000e+00
-6.299999999999999822e+00 -6.299999999999999822e+00 -7.279999999999999361e+00
-5.599999999999999645e+00 -5.599999999999999645e+00 0.000000000000000000e+00
-5.599999999999999645e+00 -5.599999999999999645e+00 0.000000000000000000e+00
-5.599999999999999645e+00 -5.599999999999999645e+00 0.000000000000000000e+00
-5.599999999999999645e+00 -5.599999999999999645e+00 0.000000000000000000e+00
0.000000000000000000e+00 0.000000000000000000e+00 0.000000000000000000e+00
0.000000000000000000e+00 0.000000000000000000e+00 0.000000000000000000e+00
0.000000000000000000e+00 0.000000000000000000e+00 0.000000000000000000e+00
0.000000000000000000e+00 0.000000000000000000e+00 0.000000000000000000e+00
0.000000000000000000e+00 0.000000000000000000e+00 0.000000000000000000e+00
0.000000000000000000e+00 0.000000000000000000e+00 0.000000000000000000e+00
0.000000000000000000e+00 0.000000000000000000e+00 0.000000000000000000e+00
0.000000000000000000e+00 0.000000000000000000e+00 0.000000000000000000e+00
0.000000000000000000e+00 0.000000000000000000e+00 0.000000000000000000e+00
0.000000000000000000e+00 0.000000000000000000e+00 0.000000000000000000e+00
0.000000000000000000e+00 0.000000000000000000e+00 0.000000000000000000e+00
0.000000000000000000e+00 0.000000000000000000e+00 0.000000000000000000e+00
0.000000000000000000e+00 0.000000000000000000e+00 0.000000000000000000e+00
0.000000000000000000e+00 0.000000000000000000e+00 0.000000000000000000e+00
0.000000000000000000e+00 0.000000000000000000e+00 0.000000000000000000e+00
0.000000000000000000e+00 0.000000000000000000e+00 0.000000000000000000e+00
0.000000000000000000e+00 0.000000000000000000e+00 0.000000000000000000e+00
0.000000000000000000e+00 0.000000000000000000e+00 0.000000000000000000e+00
0.000000000000000000e+00 0.000000000000000000e+00 0.000000000000000000e+00
0.000000000000000000e+00 0.000000000000000000e+00 0.000000000000000000e+00
0.000000000000000000e+00 0.000000000000000000e+00 0.000000000000000000e+00
0.000000000000000000e+00 0.000000000000000000e+00 0.000000000000000000e+00
0.000000000000000000e+00 0.000000000000000000e+00 0.000000000000000000e+00
0.000000000000000000e+00 0.000000000000000000e+00 0.000000000000000000e+00
0.000000000000000000e+00 0.000000000000000000e+00 0.000000000000000000e+00
0.000000000000000000e+00 0.000000000000000000e+00 0.000000000000000000e+00
0.000000000000000000e+00 0.000000000000000000e+00 0.000000000000000000e+00
0.000000000000000000e+00 0.000000000000000000e+00 0.000000000000000000e+00
-9.099999999999999645e+00 -7.000000000000000000e+00 -6.299999999999999822e+00
-7.000000000000000000e+00 -7.000000000000000000e+00 -1.938242074999999787e+01
-9.099999999999999645e+00 -1.165499999999999758e+01 -9.300475781537498676e+01
-1.438499999999999801e+01 -9.730000000000000426e+00 -9.196403550513375080e+01
-5.599999999999999645e+00 0.000000000000000000e+00 0.000000000000000000e+00
0.000000000000000000e+00 0.000000000000000000e+00 0.000000000000000000e+00
-5.599999999999999645e+00 0.000000000000000000e+00 0.000000000000000000e+00
-5.599999999999999645e+00 -5.599999999999999645e+00 -9.740100496209998937e+01
0.000000000000000000e+00 0.000000000000000000e+00 0.000000000000000000e+00
0.000000000000000000e+00 0.000000000000000000e+00 0.000000000000000000e+00
0.000000000000000000e+00 0.000000000000000000e+00 0.000000000000000000e+00
0.000000000000000000e+00 0.000000000000000000e+00 0.000000000000000000e+00
-1.849356862499999821e+01 -1.650599999999999667e+01 -9.127612425198749690e+01
-1.650599999999999667e+01 -1.650599999999999667e+01 -3.194499827089751065e+01
-1.091999999999999993e+01 -1.926754383749999988e+01 -9.127612425198749690e+01
-1.726199999999999690e+01 -1.726199999999999690e+01 -1.456105523249999933e+01
-1.063398000000000110e+01 -9.628499999999998948e+00 -9.662813488626711944e+01
-9.628499999999998948e+00 -9.628499999999998948e+00 -1.398599999999999710e+01
-6.369999999999999218e+00 -4.899999999999999467e+00 -9.588222767457787654e+01
-1.006949999999999967e+01 -1.006949999999999967e+01 -8.394379000000000701e+00
-4.549999999999999822e+00 -3.500000000000000000e+00 0.000000000000000000e+00
-3.500000000000000000e+00 -3.500000000000000000e+00 -8.158499999999998309e+00
-4.549999999999999822e+00 -5.827499999999998792e+00 -9.871337551158551094e+01
-4.865000000000000213e+00 -4.549999999999999822e+00 -5.288499999999999091e+00
-2.799999999999999822e+00 0.000000000000000000e+00 0.000000000000000000e+00
0.000000000000000000e+00 0.000000000000000000e+00 0.000000000000000000e+00
0.000000000000000000e+00 0.000000000000000000e+00 0.000000000000000000e+00
-2.799999999999999822e+00 -2.799999999999999822e+00 -2.729999999999999982e+00
-2.099999999999999645e+00 0.000000000000000000e+00 0.000000000000000000e+00
0.000000000000000000e+00 0.000000000000000000e+00 0.000000000000000000e+00
0.000000000000000000e+00 -2.099999999999999645e+00 0.000000000000000000e+00
-2.099999999999999645e+00 -2.099999999999999645e+00 -9.970525285139507332e+01
0.000000000000000000e+00 0.000000000000000000e+00 0.000000000000000000e+00
0.000000000000000000e+00 0.000000000000000000e+00 0.000000000000000000e+00
0.000000000000000000e+00 0.000000000000000000e+00 0.000000000000000000e+00
0.000000000000000000e+00 0.000000000000000000e+00 0.000000000000000000e+00
0.000000000000000000e+00 0.000000000000000000e+00 0.000000000000000000e+00
0.000000000000000000e+00 0.000000000000000000e+00 0.000000000000000000e+00
0.000000000000000000e+00 0.000000000000000000e+00 0.000000000000000000e+00
0.000000000000000000e+00 0.000000000000000000e+00 0.000000000000000000e+00
