-6.748481162216671692e+01 -7.081601566117501534e+01 4.165687073640357596e+01
-2.252030429784781518e+00 -6.956215679815628050e+01 -7.833244999999999436e+01
-6.992939009684199902e+01 -6.304932279829273511e+00 -8.339243499999999187e+01
-7.514165991358996166e+01 4.526135314800831111e+01 -7.847209999999999752e+01
4.635266547502678947e+01 -4.996853589586073952e+01 -4.692259496900091165e+01
-4.710896192489281731e+01 -4.780694323240076926e+01 -7.605149999999999011e+01
-4.567277624286838744e+01 3.459844151625195252e+01 -5.562609395625676001e+01
-5.074608363593798543e+01 -2.096961427153374302e-01 2.735459395928685922e+01
-3.822310201237498717e+01 -4.263150360326807231e+01 -3.887776019158503971e+01
-4.399857489344138628e+01 -3.896037746146873815e+01 -8.994006955500000799e+01
-3.511397762249999488e+01 -3.935694330627499227e+01 -4.066275229449999529e+01
-3.565619221499999725e+01 -3.681807942545613344e+01 -1.144174037816249978e+02
-3.412815249987500010e+01 -3.909519233197602972e+01 -3.045422360326499600e+01
-3.433705093040249778e+01 -3.422481186835527467e+01 -9.242565962540136582e+01
-2.998309833749999598e+01 -3.011514437749999828e+01 -3.770346451585000125e+01
-2.706927011249999637e+01 -3.296533437744574968e+01 -2.955501286499999836e+01
-2.648903295850000106e+01 -2.987991139612499936e+01 -1.236991559536739373e+02
-2.979051886124999626e+01 -2.912047886474999814e+01 -1.016464355859835251e+02
-2.468117338749999590e+01 -2.449449603999999781e+01 -2.314304396250000195e+01
-2.533091364999999584e+01 -1.962751524999999830e+01 -2.054957247000000109e+01
-1.944860399999999956e+01 -1.824621749999999665e+01 -1.393895999999999979e+01
-1.824621749999999665e+01 -1.869309749999999681e+01 -2.287272199187499666e+01
-1.698936750000000018e+01 -2.046595424999999935e+01 -2.514062958749999410e+01
-2.190996438749999697e+01 -1.485504999999999853e+01 -1.460928000000000004e+01
-1.104249999999999865e+01 -7.279999999999999361e+00 -1.029079287375114831e+02
-5.599999999999999645e+00 -5.599999999999999645e+00 -1.032996192765710930e+02
-5.599999999999999645e+00 -5.599999999999999645e+00 0.000000000000000000e+00
-5.599999999999999645e+00 -5.599999999999999645e+00 -9.162999999999998479e+00
-4.899999999999999467e+00 -4.899999999999999467e+00 -5.459999999999999964e+00
-4.899999999999999467e+00 -4.899999999999999467e+00 0.000000000000000000e+00
-4.899999999999999467e+00 -4.899999999999999467e+00 0.000000000000000000e+00
-4.899999999999999467e+00 -4.899999999999999467e+00 -8.252999999999998337e+00
-4.199999999999999289e+00 -4.199999999999999289e+00 -1.059636058598396460e+02
-4.199999999999999289e+00 -4.199999999999999289e+00 0.000000000000000000e+00
-4.199999999999999289e+00 -4.199999999999999289e+00 0.000000000000000000e+00
-4.199999999999999289e+00 -4.199999999999999289e+00 0.000000000000000000e+00
-3.500000000000000000e+00 -3.500000000000000000e+00 0.000000000000000000e+00
-3.500000000000000000e+00 -3.500000000000000000e+00 0.000000000000000000e+00
-3.500000000000000000e+00 -3.500000000000000000e+00 0.000000000000000000e+00
-3.500000000000000000e+00 -3.500000000000000000e+00 0.000000000000000000e+00
0.000000000000000000e+00 0.000000000000000000e+00 0.000000000000000000e+00
0.000000000000000000e+00 0.000000000000000000e+00 0.000000000000000000e+00
0.000000000000000000e+00 0.000000000000000000e+00 0.000000000000000000e+00
0.000000000000000000e+00 0.000000000000000000e+00 0.000000000000000000e+00
0.000000000000000000e+00 0.000000000000000000e+00 0.000000000000000000e+00
0.000000000000000000e+00 0.000000000000000000e+00 0.000000000000000000e+00
0.000000000000000000e+00 0.000000000000000000e+00 0.000000000000000000e+00
0.000000000000000000e+00 0.000000000000000000e+00 0.000000000000000000e+00
-1.399999999999999911e+00 -1.399999999999999911e+00 0.000000000000000000e+00
-1.399999999999999911e+00 0.000000000000000000e+00 0.000000000000000000e+00
-1.399999999999999911e+00 0.000000000000000000e+00 0.000000000000000000e+00
-1.399999999999999911e+00 0.000000000000000000e+00 0.000000000000000000e+00
-9.099999999999999201e-01 -9.099999999999999201e-01 -1.399999999999999911e+00
-6.999999999999999556e-01 -6.999999999999999556e-01 0.000000000000000000e+00
-6.999999999999999556e-01 -6.999999999999999556e-01 0.000000000000000000e+00
-6.999999999999999556e-01 -6.999999999999999556e-01 1.751355170532184786e+02
-2.760889608749999269e+01 -2.766846128129999727e+01 -2.053630879999999692e+01
-2.653635220599999656e+01 -2.977694428187499653e+01 -3.032245442624999754e+01
-2.908254240849999661e+01 -3.251144258687499189e+01 -9.300475781537498676e+01
-3.124956873149999836e+01 -2.859104411449999716e+01 -9.196403550513375080e+01
-5.599999999999999645e+00 -5.599999999999999645e+00 -9.162999999999998479e+00
-5.599999999999999645e+00 0.000000000000000000e+00 -1.048949999999999960e+01
-7.279999999999999361e+00 -9.323999999999999844e+00 0.000000000000000000e+00
-7.783999999999999808e+00 -1.104249999999999865e+01 -9.740100496209998937e+01
-5.459999999999999964e+00 -4.199999999999999289e+00 -3.500000000000000000e+00
-5.459999999999999964e+00 0.000000000000000000e+00 0.000000000000000000e+00
-4.199999999999999289e+00 -6.992999999999998550e+00 0.000000000000000000e+00
-5.459999999999999964e+00 -5.459999999999999964e+00 -1.009240940419906281e+02
-2.572484329558692551e+01 -3.075133657353843120e+01 -1.297797529645036434e+02
-2.667497699999999483e+01 -2.906233164751874654e+01 -3.194499827089751065e+01
-3.137405984999999475e+01 4.960454149649985567e+01 -9.127612425198749690e+01
-4.146098662885781039e+01 -2.587682313562499559e+01 1.404628314586886404e+02
6.526464281222477837e+01 -2.528465190773632187e+01 -9.662813488626711944e+01
-2.482211102559114124e+01 -2.245645136174999834e+01 -2.357228999999999530e+01
-2.335091249695286209e+01 3.469063879799135464e+01 -9.588222767457787654e+01
-2.423303714956518107e+01 -2.315158009690749807e+01 1.693992411252179409e+02
5.114546346945118671e+01 -1.530645926556250025e+01 -1.001156725123209128e+02
-1.455162878949035843e+01 -1.729488695806136178e+01 -2.046076648393749764e+01
-1.602225401874999733e+01 1.223760675339885609e+02 -9.871337551158551094e+01
1.128282294500247751e+01 -1.738348767613396717e+01 2.010908110026691702e+02
9.408764530540955207e+01 -1.212967939288529173e+01 -1.016464355859835251e+02
-1.225714389716249997e+01 -1.242349869924712458e+01 -1.513027657506093604e+01
-1.324317846092499806e+01 1.743447253231099694e+02 -1.020354414574916007e+02
5.916351106628314938e+01 -9.997861678875000990e+00 2.326480535638033587e+02
-5.916114749999998423e+00 -4.126499999999999169e+00 2.808167376068953445e+02
1.156984619685245406e+02 -5.599807499999998939e+00 -1.043268818549999821e+01
-7.515436967499998566e+00 -7.535753879937499455e+00 -1.009240940419906281e+02
-9.031624801499999577e+00 2.594115303166788067e+02 -1.495194667240019157e+02
-1.819999999999999840e+00 -1.819999999999999840e+00 2.924562844029209145e+02
-1.399999999999999911e+00 -1.399999999999999911e+00 -1.043891800324649353e+02
-1.399999999999999911e+00 -1.399999999999999911e+00 -6.182283712499997641e+00
-1.399999999999999911e+00 -2.330999999999999961e+00 -1.048644829467815072e+02
3.007378968441611278e+02 -1.597049999999999859e+00 -1.578149999999999942e+00
-1.050744829467815293e+02 -9.099999999999999201e-01 -1.043891800324649353e+02
-6.999999999999999556e-01 -6.999999999999999556e-01 -1.399999999999999911e+00
-6.999999999999999556e-01 2.599075474030862551e+02 3.307798151046217754e+02
