1.838990446958824521e+00 -3.254240493415938573e+01 6.316426145386590463e+01
-2.252030429784781518e+00 -6.956215679815628050e+01 -7.833244999999999436e+01
-6.992939009684199902e+01 -6.304932279829273511e+00 -8.339243499999999187e+01
-7.514165991358996166e+01 1.608003534372101484e+01 -7.847209999999999752e+01
9.871898258245317948e+01 -4.996853589586073952e+01 -4.692259496900091165e+01
-4.710896192489281731e+01 -4.780694323240076926e+01 -7.605149999999999011e+01
-4.567277624286838744e+01 8.387207689524382204e+01 -5.562609395625676001e+01
3.042662159548038758e+01 -2.096961427153374302e-01 1.329487340311810328e+02
-6.452453249010403624e-02 -5.429777057271615348e+01 -1.105583191167924042e+02
-5.057914092177959731e+01 -5.588222249277226439e+01 -8.994006955500000799e+01
-5.498659522343566408e+01 -5.384372410667927511e+01 4.014846405390140660e+01
4.129483131237649474e+01 -6.059519334393012002e+01 -1.144174037816249978e+02
-7.287792161379410061e+01 -7.752309395363924693e+01 2.345751009994960157e+01
-3.893310460000124351e+01 -8.214369389271071498e+01 -1.527575788938338519e+02
-7.942168301518498197e+01 -8.172881641837444988e+01 -8.272864237435142343e+01
-8.021180724613171265e+01 -7.083812144057114324e+01 -6.742579597984510542e+01
5.464714875247611303e+01 -7.484671630048013924e+01 -1.546289514620119405e+02
1.073057686072299077e+01 -7.790114438957368748e+01 -1.365835443744420843e+02
-7.723271817542406836e+01 -3.956609102993878224e+01 -1.157385325745908915e+02
-7.547653878970962182e+01 -6.923606864756389712e+01 7.388340564058735538e+01
3.819605920865903670e+01 -5.215776182430714414e+01 -4.903502735639976606e+01
-5.294620806722654294e+01 -5.474712441740778246e+01 -7.422028372493588222e+01
-5.788074405174415915e+01 -5.620062184655169801e+01 -5.663233531042484969e+01
-6.074335772331048844e+01 -5.276214910974164241e+01 8.764552624607979681e+01
-4.230661958613011819e+01 -4.657330079818999735e+01 -1.029079287375114831e+02
-4.960936028742012383e+01 -4.977654671385000285e+01 -1.032996192765710930e+02
-5.085645805550201004e+01 -4.103591505368098780e+01 -4.641158758654334804e+01
-4.521259516238212939e+01 -4.571201372772744520e+01 -2.519558532199990708e+00
-3.643113317796792927e+01 -3.464987088421509043e+01 1.296663672953350499e+02
-3.329182219061907944e+01 -3.219215165356207109e+01 -4.724953455949571435e+01
-3.144344944035656653e+01 -3.518937663329328558e+01 -4.175593173050282303e+01
-3.612183470877759106e+01 -3.531509109127710389e+01 5.672283074788634849e+01
1.396543316622091027e+02 -2.858072800418062798e+01 -5.180656258811048076e+01
-2.656737704439544245e+01 -2.969072748540912343e+01 -1.085558458323945388e+02
-2.835996955643785000e+01 8.502282259481634696e+01 -3.046611311929153487e+01
-3.067525271662549002e+01 8.480173983956046868e+01 1.518054131459302027e+02
1.038138365330510169e+02 -2.446280006318226796e+01 -1.095616156045954881e+02
6.668289125683730845e+01 -2.261839747179372040e+01 -2.364056140289790164e+01
-2.525931305100244373e+01 6.971846532162808252e+00 -2.185580338252836796e+01
-1.049109817581597603e+01 3.095184934608930050e+01 1.526869026431099314e+02
-9.127454783870932786e+00 -1.063480905034062474e+01 -2.001748083015858271e+01
-1.079732961022949311e+01 -1.116332374623685730e+01 -1.048038430249999742e+01
-1.223315137757209214e+01 1.943479961302205936e+02 -1.553915779119058271e+01
-1.231357881475413585e+01 -9.402601949999997544e+00 2.009894235062247958e+02
1.092531243379000756e+02 -7.703209237499997641e+00 -2.225689662700233384e+01
-8.648405462272187094e+00 -5.612321321249998718e+00 -8.307907166135420240e+00
-4.781000000000000583e+00 -3.496499999999999275e+00 2.830404882792161629e+02
2.443152780085635527e+02 -8.576795923499997087e+00 -6.335728952114239831e+01
-1.399999999999999911e+00 -1.399999999999999911e+00 -5.248409249999999027e+00
-1.399999999999999911e+00 -2.330999999999999961e+00 -1.176329659257840774e+02
-1.945999999999999952e+00 -1.819999999999999840e+00 2.996748074049211255e+02
-1.819999999999999840e+00 -1.399999999999999911e+00 0.000000000000000000e+00
2.541529207772257735e+02 -9.099999999999999201e-01 -1.399999999999999911e+00
-6.999999999999999556e-01 -6.999999999999999556e-01 -1.480848314571795754e+01
-9.099999999999999201e-01 2.949047158531847117e+02 8.215322398753787070e+01
1.982434863103392217e+02 7.589225902885952735e+01 3.040195037398452769e+02
-9.016933105247541391e+01 -8.178625407966846694e+01 -5.989652193406001146e+01
-8.632532171388690756e+01 -8.238118661693670219e+01 -6.916705320084039954e+01
-8.542484335132762396e+01 -9.130355477358392591e+01 -9.300475781537498676e+01
-8.917312370580202696e+01 -8.381877835380923614e+01 -9.196403550513375080e+01
5.077056743313728759e+01 -3.678476857370573327e+01 1.116130137355576863e+02
9.113379689098152880e+01 -4.449567410117336408e+01 -4.030844972201721532e+01
2.557623289467710492e+01 -4.468141041373522171e+01 -1.065210416262331137e+02
-4.732275497199258041e+01 9.800269290947217371e+01 -7.142670754880946049e+01
-2.922731867570134412e+01 -2.889621107129178412e+01 1.104857971661975569e+02
-2.750029971137157503e+01 -2.857209751891699057e+01 -2.551447735885569301e+01
-2.854753124226481020e+01 -3.172280865962235907e+01 -1.042862383602885927e+02
-3.132594071291480020e+01 9.810252602826228951e+01 -1.563502181124303263e+02
-2.572484329558692551e+01 -3.075133657353843120e+01 -1.297797529645036434e+02
-2.667497699999999483e+01 -2.906233164751874654e+01 -3.194499827089751065e+01
-3.137405984999999475e+01 4.960454149649985567e+01 -9.127612425198749690e+01
-4.146098662885781039e+01 -2.587682313562499559e+01 1.660931029294122538e+02
1.189993461826873187e+02 -2.528465190773632187e+01 -9.662813488626711944e+01
-2.482211102559114124e+01 1.152244129717455223e+01 -2.357228999999999530e+01
-2.683881390464960859e+01 7.289228198522255298e+01 -9.588222767457787654e+01
-2.425736412697679256e+01 -1.293451409561160403e+01 1.928921236755675181e+02
1.344243311745540836e+02 3.052687380315847676e+01 -1.001156725123209128e+02
8.130497225298421426e+01 -1.729488695806136178e+01 -2.046076648393749764e+01
-1.602225401874999733e+01 1.067184495364508052e+02 -8.328897181031342711e+01
4.906569538240129091e+00 7.115644994601225903e+01 2.146189331793229940e+02
1.121780746753016800e+01 -1.212967939288529173e+01 -7.282836691167541687e+01
8.071748663676225988e+01 -1.242349869924712458e+01 -1.513027657506093604e+01
-1.324317846092499806e+01 1.320121745615575293e+01 -1.020354414574916007e+02
1.421217929652179990e+01 1.219936068623690417e+01 2.329091051180427883e+02
1.785843965233933659e+02 4.817560624475354558e+01 2.357053182182238515e+02
4.978370845390555388e+01 4.448898041901450284e+01 -1.408080714726306049e+01
5.966720721312026399e+01 -7.535753879937499455e+00 -1.009240940419906281e+02
-9.807253023837498418e+00 2.366958168616151852e+02 -1.106578759000175580e+02
1.849448869501831894e+01 4.193147856963706488e+01 2.664334962390393571e+02
3.974085052569020604e+01 -1.399999999999999911e+00 -1.050076028232065966e+02
-2.750999999999999890e+00 -1.399999999999999911e+00 -6.182283712499997641e+00
-2.750999999999999890e+00 1.898775878327539317e+02 -1.048644829467815072e+02
3.128200680539963514e+02 -2.135717500000000157e+00 -1.778594999999999926e+00
-1.050744829467815293e+02 1.348285646263016702e+02 -1.043891800324649353e+02
1.094722806475465262e+02 2.991814670900687361e+02 -1.399999999999999911e+00
2.000072253470813166e+02 1.235871309575830708e+02 3.401425791998790942e+02
